"MyUniID" "NS1" "refCoupNum" "coup1" "coup2" "coup3" "interviewDt" "interviewDt2"
1 70 1 11 12 13 1231286504 "7/28/09"
3 20 2 21 22 23 1231286504 "7/28/09"
4 300 3 31 32 33 1231284904 "7/29/09"
5 40 4 41 42 43 1231284904 "7/29/09"
6 10 11 111 112 113 1236470400 "8/3/09"
7 100 13 131 132 133 1236470400 "8/3/09"
8 200 12 121 122 123 1236470400 "8/3/09"
9 50 23 231 232 233 1239148800 "8/4/09"
10 40 21 211 212 213 1239148800 "8/4/09"
11 50 22 221 222 223 1239148800 "8/4/09"
12 100 132 1321 1322 1323 1254960000 "8/10/09"
13 20 133 1331 1332 1333 1254960000 "8/10/09"
14 40 131 1311 1312 1313 1254960000 "8/10/09"
15 200 113 1131 1132 1133 1257638400 "8/11/09"
16 500 111 1111 1112 1113 1257638400 "8/11/09"
17 100 1331 13311 13312 13313 1262908800 "8/13/09"
18 70 1332 13321 13322 13323 1262908800 "8/13/09"
19 100 1333 13331 13332 13333 1262908800 "8/13/09"
20 13 1323 13231 13232 13233 -486614118 "8/14/09"
21 130 1322 13221 13222 13223 -486614118 "8/14/09"
22 30 1321 13211 13212 13213 -486614118 "8/14/09"
23 100 112 1121 1122 1123 -486614118 "8/14/09"
24 35 211 2111 2112 2113 -486614118 "8/14/09"
25 15 213 2131 2132 2133 -486614118 "8/14/09"
26 30 212 2121 2122 2123 -486614118 "8/14/09"
27 30 1312 13121 13122 13123 2321177088 "8/17/09"
28 70 1313 13131 13132 13133 2321177088 "8/17/09"
29 20 1311 13111 13112 13113 2321177088 "8/17/09"
30 28 13131 131311 131312 131313 2321177088 "8/17/09"
31 30 13132 131321 131322 131323 2321177088 "8/17/09"
32 500 13133 131331 131332 131333 2321177088 "8/17/09"
33 30 13332 133321 133322 133323 157630976 "8/18/09"
34 25 13333 133331 133332 133333 157630976 "8/18/09"
36 80 13331 133311 133312 133313 157630976 "8/18/09"
37 400 13323 133231 133232 133233 157630976 "8/18/09"
38 300 13321 133211 133212 133213 157630976 "8/18/09"
40 200 13322 133221 133222 133223 157630976 "8/18/09"
41 150 1111 11111 11112 11113 157630976 "8/18/09"
42 10 1113 11131 11132 11133 157630976 "8/18/09"
43 300 13113 131131 131132 131133 157630976 "8/18/09"
44 30 13112 131121 131122 131123 157630976 "8/18/09"
46 50 13313 133131 133132 133133 157630976 "8/18/09"
48 60 13311 133111 133112 133113 157630976 "8/18/09"
49 300 13312 133121 133122 133123 157630976 "8/18/09"
50 15 13233 132331 132332 132333 1231372800 "8/20/09"
51 30 13231 132311 132312 132313 1231372800 "8/20/09"
52 600 13232 132321 132322 132323 1231372800 "8/20/09"
54 50 13221 132211 132212 132213 1231372800 "8/20/09"
55 300 13222 132221 132222 132223 1231372800 "8/20/09"
56 400 13223 132231 132232 132233 1231372800 "8/20/09"
57 20 13211 132111 132112 132113 1231372800 "8/20/09"
58 200 13212 132121 132122 132123 1231372800 "8/20/09"
59 500 13213 132131 132132 132133 1231372800 "8/20/09"
60 100 131311 1313111 1313112 1313113 2307473920 "8/21/09"
61 80 131312 1313121 1313122 1313123 2307473920 "8/21/09"
62 50 131313 1313131 1313132 1313133 2307473920 "8/21/09"
63 150 1123 11231 11232 11233 2307473920 "8/21/09"
64 20 1122 11221 11222 11223 2307473920 "8/21/09"
65 25 2121 21211 21212 21213 2307473920 "8/21/09"
66 120 2123 21231 21232 21233 2307473920 "8/21/09"
67 200 1121 11211 11212 11213 2307473920 "8/21/09"
68 999 131321 1313211 1313212 1313213 1231372803 "8/24/09"
69 150 5 51 52 53 1231372803 "8/24/09"
71 999 131322 1313221 1313222 1313223 1231372803 "8/24/09"
72 30 131323 1313231 1313232 1313233 1231372803 "8/24/09"
73 250 1112 11121 11122 11123 1231372803 "8/24/09"
74 50 131331 1313311 1313312 1313313 1231372803 "8/24/09"
75 20 131332 1313321 1313322 1313323 1231372803 "8/24/09"
76 20 131333 1313331 1313332 1313333 1231372803 "8/24/09"
77 20 133332 1333321 1333322 1333323 1231367864 "8/25/09"
78 150 133333 1333331 1333332 1333333 1231367864 "8/25/09"
79 30 133331 1333311 1333312 1333313 1231367864 "8/25/09"
80 80 133311 1333111 1333112 1333113 1231372864 "8/26/09"
81 300 133312 1333121 1333122 1333123 1231372864 "8/26/09"
82 100 133313 1333131 1333132 1333133 1231372864 "8/26/09"
83 15 133221 1332211 1332212 1332213 1231372864 "8/26/09"
84 50 133223 1332231 1332232 1332233 1231372864 "8/26/09"
85 100 133222 1332221 1332222 1332223 1231372864 "8/26/09"
86 100 133233 1332331 1332332 1332333 1231372864 "8/26/09"
87 300 133232 1332321 1332322 1332323 1231372864 "8/26/09"
88 50 133211 1332111 1332112 1332113 1231368200 "8/27/09"
89 100 133213 1332131 1332132 1332133 1231368200 "8/27/09"
90 300 133212 1332121 1332122 1332123 1231368200 "8/27/09"
91 30 11111 111111 111112 111113 1231368200 "8/27/09"
93 30 11112 111121 111122 111123 1231368200 "8/27/09"
94 50 11113 111131 111132 111133 1231368200 "8/27/09"
95 40 133131 1331311 1331312 1331313 1231372904 "8/28/09"
96 500 133132 1331321 1331322 1331323 1231372904 "8/28/09"
97 100 133133 1331331 1331332 1331333 1231372904 "8/28/09"
98 30 132331 1323311 1323312 1323313 1231372800 "8/31/09"
99 50 132332 1323321 1323322 1323323 1231372800 "8/31/09"
100 999 131131 1311311 1311312 1311313 1231372800 "8/31/09"
101 200 132333 1323331 1323332 1323333 1231372800 "8/31/09"
102 30 131132 1311321 1311322 1311323 1231372800 "8/31/09"
103 300 131133 1311331 1311332 1311333 1231372800 "8/31/09"
104 200 132212 1322121 1322122 1322123 1231459200 "9/1/09"
105 250 132211 1322111 1322112 1322113 1231459200 "9/1/09"
106 200 132213 1322131 1322132 1322133 1231459200 "9/1/09"
107 100 2122 21221 21222 21223 1231459200 "9/1/09"
108 80 133231 1332311 1332312 1332313 1231459200 "9/1/09"
109 30 132113 1321131 1321132 1321133 1234137600 "9/2/09"
110 300 132121 1321211 1321212 1321213 1234137600 "9/2/09"
111 150 132122 1321221 1321222 1321223 1234137600 "9/2/09"
112 40 132123 1321231 1321232 1321233 1234137600 "9/2/09"
113 10 132111 1321111 1321112 1321113 1234137600 "9/2/09"
114 200 132112 1321121 1321122 1321123 1234137600 "9/2/09"
115 9 132231 1322311 1322312 1322313 1236556800 "9/3/09"
116 300 132232 1322321 1322322 1322323 1236556800 "9/3/09"
117 50 132233 1322331 1322332 1322333 1236556800 "9/3/09"
118 70 1313131 13131311 13131312 13131313 1236556800 "9/3/09"
119 20 1313132 13131321 13131322 13131323 1236556800 "9/3/09"
120 15 1313133 13131331 13131332 13131333 1236556800 "9/3/09"
121 200 132131 1321311 1321312 1321313 1236556800 "9/3/09"
122 10 132132 1321321 1321322 1321323 1236556800 "9/3/09"
124 100 1313121 13131211 13131212 13131213 1236556800 "9/3/09"
125 100 1313122 13131221 13131222 13131223 1236556800 "9/3/09"
126 30 1313123 13131231 13131232 13131233 1236556800 "9/3/09"
127 50 53 531 532 533 1239235200 "9/4/09"
128 300 52 521 522 523 1239235200 "9/4/09"
129 200 51 511 512 513 1239235200 "9/4/09"
131 40 11232 112321 112322 112323 1252454400 "9/9/09"
132 50 11231 112311 112312 112313 1252454400 "9/9/09"
133 40 11233 112331 112332 112333 1252454400 "9/9/09"
134 150 11222 112221 112222 112223 1255046400 "9/10/09"
135 10 11221 112211 112212 112213 1255046400 "9/10/09"
136 300 11223 112231 112232 112233 1255046400 "9/10/09"
137 250 1313233 13132331 13132332 13132333 1255046400 "9/10/09"
138 200 1313231 13132311 13132312 13132313 1255046400 "9/10/09"
139 50 1313232 13132321 13132322 13132323 1255046400 "9/10/09"
140 50 1313212 13132121 13132122 13132123 1255046400 "9/10/09"
141 250 1313213 13132131 13132132 13132133 1255046400 "9/10/09"
142 25 1313211 13132111 13132112 13132113 1255046400 "9/10/09"
143 20 1313313 13133131 13133132 13133133 1257724800 "9/11/09"
144 30 1313312 13133121 13133122 13133123 1257724800 "9/11/09"
145 150 1313221 13132211 13132212 13132213 1257724800 "9/11/09"
146 80 1313223 13132231 13132232 13132233 1257724800 "9/11/09"
147 20 1313222 13132221 13132222 13132223 1257724800 "9/11/09"
148 50 11121 111211 111212 111213 1257724800 "9/11/09"
149 9 11123 111231 111232 111233 1257724800 "9/11/09"
150 200 521 5211 5212 5213 1257724800 "9/11/09"
151 400 522 5221 5222 5223 1257724800 "9/11/09"
154 150 1333311 13333111 13333112 13333113 -486527718 "9/14/09"
155 200 1333313 13333131 13333132 13333133 -486527718 "9/14/09"
156 60 1333312 13333121 13333122 13333123 -486527718 "9/14/09"
158 30 1333111 13331111 13331112 13331113 -486527718 "9/14/09"
159 300 1333112 13331121 13331122 13331123 -486527718 "9/14/09"
160 10 1333113 13331131 13331132 13331133 -486527718 "9/14/09"
161 20 1313332 13133321 13133322 13133323 -486527718 "9/14/09"
162 40 1313333 13133331 13133332 13133333 -486527718 "9/14/09"
163 30 1313331 13133311 13133312 13133313 -486527718 "9/14/09"
165 50 1313322 13133221 13133222 13133223 -486527718 "9/14/09"
166 400 1313323 13133231 13133232 13133233 -486527718 "9/14/09"
167 35 1333322 13333221 13333222 13333223 2300587289 "9/15/09"
168 50 1333321 13333211 13333212 13333213 2300673689 "10/15/09"
169 15 1333323 13333231 13333232 13333233 2300587289 "9/15/09"
170 30 1333331 13333311 13333312 13333313 2300587289 "9/15/09"
171 100 1333333 13333331 13333332 13333333 2300673689 "10/15/09"
172 20 1333332 13333321 13333322 13333323 2300587289 "9/15/09"
173 500 1333121 13331211 13331212 13331213 2300587289 "9/15/09"
174 75 1333123 13331231 13331232 13331233 2300587289 "9/15/09"
175 500 1333122 13331221 13331222 13331223 2300587289 "9/15/09"
176 30 1333131 13331311 13331312 13331313 1231459200 "9/16/09"
177 200 1333132 13331321 13331322 13331323 1231459200 "9/16/09"
178 30 1333133 13331331 13331332 13331333 1231459200 "9/16/09"
179 100 1332221 13322211 13322212 13322213 1231459200 "9/16/09"
180 999 1332222 13322221 13322222 13322223 1231459200 "9/16/09"
181 30 1332223 13322231 13322232 13322233 1231459200 "9/16/09"
183 3 1332113 13321131 13321132 13321133 2321263488 "9/17/09"
184 30 1332112 13321121 13321122 13321123 2321263488 "9/17/09"
185 60 1332331 13323311 13323312 13323313 2321263488 "9/17/09"
186 50 1332332 13323321 13323322 13323323 2321263488 "9/17/09"
187 100 1332333 13323331 13323332 13323333 2321263488 "9/17/09"
188 80 1332321 13323211 13323212 13323213 2321263488 "9/17/09"
189 2 1332323 13323231 13323232 13323233 2321263488 "9/17/09"
191 50 112321 1123211 1123212 1123213 157717376 "9/18/09"
192 100 112322 1123221 1123222 1123223 157717376 "9/18/09"
193 10 112323 1123231 1123232 1123233 157717376 "9/18/09"
194 150 1323321 13233211 13233212 13233213 2221518465 "9/22/09"
195 120 1323322 13233221 13233222 13233223 2221518465 "9/22/09"
196 100 1323323 13233231 13233232 13233233 2221518465 "9/22/09"
197 30 1311311 13113111 13113112 13113113 1231459236 "9/23/09"
198 200 1311313 13113131 13113132 13113133 1231459236 "9/23/09"
199 500 1311312 13113121 13113122 13113123 1231459236 "9/23/09"
200 60 1323311 13233111 13233112 13233113 1231459236 "9/23/09"
201 100 1323312 13233121 13233122 13233123 1231459236 "9/23/09"
202 50 1323313 13233131 13233132 13233133 1231459236 "9/23/09"
203 300 1323331 13233311 13233312 13233313 1231459236 "9/23/09"
204 100 1323332 13233321 13233322 13233323 1231459236 "9/23/09"
205 40 1323333 13233331 13233332 13233333 1231459236 "9/23/09"
206 300 32 321 322 323 1231459236 "9/23/09"
208 200 322 3221 3222 3223 1231459236 "9/23/09"
209 200 321 3211 3212 3213 1231459236 "9/23/09"
210 200 1322113 13221131 13221132 13221133 1231459203 "9/24/09"
211 500 1322111 13221111 13221112 13221113 1231459203 "9/24/09"
212 25 1322112 13221121 13221122 13221123 1231459203 "9/24/09"
213 20 1322123 13221231 13221232 13221233 1231459203 "9/24/09"
214 20 1322122 13221221 13221222 13221223 1231459203 "9/24/09"
215 100 1322121 13221211 13221212 13221213 1231459203 "9/24/09"
216 150 3213 32131 32132 32133 1231459203 "9/24/09"
217 800 3211 32111 32112 32113 1231459203 "9/24/09"
218 100 3212 32121 32122 32123 1231459203 "9/24/09"
219 150 323 3231 3232 3233 1231454264 "9/25/09"
220 50 1332312 13323121 13323122 13323123 1231454264 "9/25/09"
221 400 1332313 13323131 13323132 13323133 1231454264 "9/25/09"
223 20 1332311 13323111 13323112 13323113 1231454264 "9/25/09"
224 20 1321211 13212111 13212112 13212113 1231459304 "9/28/09"
225 30 1321212 13212121 13212122 13212123 1231459304 "9/28/09"
226 30 1321213 13212131 13212132 13212133 1231459304 "9/28/09"
227 20 13131311 131313111 131313112 131313113 1231457704 "9/29/09"
228 30 13131312 131313121 131313122 131313123 1231457704 "9/29/09"
229 20 13131313 131313131 131313132 131313133 1231457704 "9/29/09"
230 300 1321121 13211211 13211212 13211213 1231457704 "9/29/09"
231 50 1321123 13211231 13211232 13211233 1231457704 "9/29/09"
232 100 1321122 13211221 13211222 13211223 1231457704 "9/29/09"
233 30 3222 32221 32222 32223 1231457704 "9/29/09"
234 50 3221 32211 32212 32213 1231457704 "9/29/09"
235 200 32112 321121 321122 321123 1231457704 "9/29/09"
236 20 32111 321111 321112 321113 1231457704 "9/29/09"
238 20 1322313 13223131 13223132 13223133 1231459384 "9/30/09"
239 30 1322312 13223121 13223122 13223123 1231459384 "9/30/09"
240 60 1322311 13223111 13223112 13223113 1231459384 "9/30/09"
241 400 1322333 13223331 13223332 13223333 1231459384 "9/30/09"
242 20 1322331 13223311 13223312 13223313 1231459384 "9/30/09"
243 60 1322332 13223321 13223322 13223323 1231459384 "9/30/09"
244 150 112313 1123131 1123132 1123133 1231545600 "10/1/09"
245 50 112312 1123121 1123122 1123123 1231545600 "10/1/09"
246 400 112311 1123111 1123112 1123113 1231545600 "10/1/09"
247 240 1321313 13213131 13213132 13213133 1231545600 "10/1/09"
248 40 1321312 13213121 13213122 13213123 1231545600 "10/1/09"
249 300 13131323 131313231 131313232 131313233 1231545600 "10/1/09"
250 100 1321311 13213111 13213112 13213113 1231545600 "10/1/09"
251 200 13131322 131313221 131313222 131313223 1231545600 "10/1/09"
252 4 13131321 131313211 131313212 131313213 1231545600 "10/1/09"
254 200 112333 1123331 1123332 1123333 1234224000 "10/2/09"
255 50 112332 1123321 1123322 1123323 1234224000 "10/2/09"
256 500 1321322 13213221 13213222 13213223 1234224000 "10/2/09"
257 290 1321323 13213231 13213232 13213233 1234224000 "10/2/09"
258 30 1321321 13213211 13213212 13213213 1234224000 "10/2/09"
259 300 13131221 131312211 131312212 131312213 1234224000 "10/2/09"
260 40 13131222 131312221 131312222 131312223 1234224000 "10/2/09"
261 400 13131223 131312231 131312232 131312233 1234224000 "10/2/09"
262 100 112221 1122211 1122212 1122213 1241913600 "10/5/09"
263 50 112223 1122231 1122232 1122233 1241913600 "10/5/09"
264 50 112222 1122221 1122222 1122223 1241913600 "10/5/09"
265 300 13132322 131323221 131323222 131323223 1244592000 "10/6/09"
266 60 13132321 131323211 131323212 131323213 1244592000 "10/6/09"
267 100 13132323 131323231 131323232 131323233 1244592000 "10/6/09"
268 60 13132123 131321231 131321232 131321233 1244592000 "10/6/09"
269 50 13132122 131321221 131321222 131321223 1244592000 "10/6/09"
270 200 13132121 131321211 131321212 131321213 1244592000 "10/6/09"
271 50 21221 212211 212212 212213 1244592000 "10/6/09"
272 50 21222 212221 212222 212223 1244592000 "10/6/09"
274 100 13133131 131331311 131331312 131331313 1247184000 "10/7/09"
275 50 13133132 131331321 131331322 131331323 1247184000 "10/7/09"
276 50 13133133 131331331 131331332 131331333 1247184000 "10/7/09"
277 30 13132212 131322121 131322122 131322123 1247184000 "10/7/09"
278 200 13132211 131322111 131322112 131322113 1247184000 "10/7/09"
280 50 13132223 131322231 131322232 131322233 1249862400 "10/8/09"
281 500 13132222 131322221 131322222 131322223 1249862400 "10/8/09"
282 50 13133121 131331211 131331212 131331213 1249862400 "10/8/09"
283 250 13133123 131331231 131331232 131331233 1249862400 "10/8/09"
284 200 13133122 131331221 131331222 131331223 1249862400 "10/8/09"
285 20 3233 32331 32332 32333 1249862400 "10/8/09"
286 30 3232 32321 32322 32323 1249862400 "10/8/09"
287 200 32332 323321 323322 323323 1252540800 "10/9/09"
288 10 32333 323331 323332 323333 1252540800 "10/9/09"
289 30 32331 323311 323312 323313 1252540800 "10/9/09"
290 30 13331212 133312121 133312122 133312123 1263081600 "10/13/09"
291 10 13331211 133312111 133312112 133312113 1263081600 "10/13/09"
293 30 323313 3233131 3233132 3233133 1263081600 "10/13/09"
294 50 323311 3233111 3233112 3233113 1263081600 "10/13/09"
295 60 323312 3233121 3233122 3233123 1263081600 "10/13/09"
296 100 3233112 32331121 32331122 32331123 -486441318 "10/14/09"
297 100 3233111 32331111 32331112 32331113 -486441318 "10/14/09"
298 500 3233113 32331131 32331132 32331133 -486441318 "10/14/09"
299 60 3233131 32331311 32331312 32331313 -486441318 "10/14/09"
300 30 3233133 32331331 32331332 32331333 -486441318 "10/14/09"
301 50 3233132 32331321 32331322 32331323 -486441318 "10/14/09"
302 100 321122 3211221 3211222 3211223 -486441318 "10/14/09"
303 30 321123 3211231 3211232 3211233 -486441318 "10/14/09"
304 999 321121 3211211 3211212 3211213 -486441318 "10/14/09"
305 15 32331113 323311131 323311132 323311133 2300673689 "10/15/09"
308 15 32331121 323311211 323311212 323311213 2300673689 "10/15/09"
309 600 32331122 323311221 323311222 323311223 2300673689 "10/15/09"
310 50 32331123 323311231 323311232 323311233 2300673689 "10/15/09"
311 100 32331331 323313311 323313312 323313313 2300673689 "10/15/09"
312 40 133312123 1333121231 1333121232 1333121233 2300673689 "10/15/09"
313 100 133312121 1333121211 1333121212 1333121213 2300673689 "10/15/09"
314 30 133312122 1333121221 1333121222 1333121223 2300673689 "10/15/09"
315 15 32331332 323313321 323313322 323313323 2300673689 "10/15/09"
317 200 32331311 323313111 323313112 323313113 1231545600 "10/16/09"
318 100 32331313 323313131 323313132 323313133 1231545600 "10/16/09"
319 20 32331312 323313121 323313122 323313123 1231545600 "10/16/09"
320 500 1333121231 13331212311 13331212312 13331212313 1231545600 "10/16/09"
321 500 1333121233 13331212331 13331212332 13331212333 1231545600 "10/16/09"
322 30 1333121232 13331212321 13331212322 13331212323 1231545600 "10/16/09"
323 20 1333121211 13331212111 13331212112 13331212113 1231545600 "10/16/09"
324 30 1333121221 13331212211 13331212212 13331212213 1231545600 "10/16/09"
325 40 323311131 3233111311 3233111312 3233111313 1231545600 "10/16/09"
326 50 323311132 3233111321 3233111322 3233111323 1231545600 "10/16/09"
327 50 323311133 3233111331 3233111332 3233111333 1231545600 "10/16/09"
328 500 3211221 32112211 32112212 32112213 1231545600 "10/16/09"
329 200 3211223 32112231 32112232 32112233 1231545600 "10/16/09"
